Year	MonthOfYear	DayOfMonth	HourOfDayUTC	DayOfYear	DayOfCentury	AirPressurehPa	AirTemperatureC	AirTemperatureHygroClipC	RelativeHumidity_wrtWater	RelativeHumidity	WindSpeedms	WindDirectiond	ShortwaveRadiationDownWm2	ShortwaveRadiationDown_CorWm2	ShortwaveRadiationUpWm2	ShortwaveRadiationUp_CorWm2	Albedo_theta70d	LongwaveRadiationDownWm2	LongwaveRadiationUpWm2	CloudCover	SurfaceTemperatureC	HeightSensorBoomm	HeightStakesm	DepthPressureTransducerm	DepthPressureTransducer_Corm	IceTemperature1C	IceTemperature2C	IceTemperature3C	IceTemperature4C	IceTemperature5C	IceTemperature6C	IceTemperature7C	IceTemperature8C	TiltToEastd	TiltToNorthd	TimeGPShhmmssUTC	LatitudeGPSddmm	LongitudeGPSddmm	ElevationGPSm	HorDilOfPrecGPS	LoggerTemperatureC	FanCurrentmA	BatteryVoltageV	time	HeightSensorBoomm_raw	SurfaceHeightm	DepthThermistor1m	DepthThermistor2m	DepthThermistor3m	DepthThermistor4m	DepthThermistor5m	DepthThermistor6m	DepthThermistor7m	DepthThermistor8m
2009	4	4	0	94	3382	801.54	-16.857	-999	-999	80.74	8.7608	-999	-999	0	-999	0	-999	191.66	205.9	-999	-999	0	0	-999	-999	-999	-999	-999	-999	-999	-999	-999	-999	-999	-999	-999	-999	-999	-999	-999	-999	-999	-999	7.34E+05	2.186	0	0	0	0.41	1.41	2.41	3.41	4.41	7.41
2009	4	4	1	94	3382	801.43	-17.471	-999	-999	80.191	9.352	-999	-999	0	-999	0	-999	190.98	205.9	-999	-999	0	0	-999	-999	-999	-999	-999	-999	-999	-999	-999	-999	-999	-999	-999	-999	-999	-999	-999	-999	-999	-999	7.34E+05	-999	0	0	0	0.41	1.41	2.41	3.41	4.41	7.41
2009	4	4	2	94	3382	801.13	-18.002	-999	-999	80.123	9.3842	-999	-999	0	-999	0	-999	184.53	205.9	-999	-999	0	0	-999	-999	-999	-999	-999	-999	-999	-999	-999	-999	-999	-999	-999	-999	-999	-999	-999	-999	-999	-999	7.34E+05	-999	0	0	0	0.41	1.41	2.41	3.41	4.41	7.41
2009	4	4	3	94	3382	801.09	-18.97	-999	-999	80.74	9.1585	-999	-999	0	-999	0	-999	182.75	205.9	-999	-999	0	0	-999	-999	-999	-999	-999	-999	-999	-999	-999	-999	-999	-999	-999	-999	-999	-999	-999	-999	-999	-999	7.34E+05	-999	0	0	0	0.41	1.41	2.41	3.41	4.41	7.41
2009	4	4	4	94	3382	800.86	-19.844	-999	-999	82.248	9.6207	-999	-999	0	-999	0	-999	182.07	205.9	-999	-999	0	0	-999	-999	-999	-999	-999	-999	-999	-999	-999	-999	-999	-999	-999	-999	-999	-999	-999	-999	-999	-999	7.34E+05	-999	0	0	0	0.41	1.41	2.41	3.41	4.41	7.41
2009	4	4	5	94	3382	800.56	-18.98	-999	-999	81.288	9.4272	-999	-999	0	-999	0	-999	183.09	205.9	-999	-999	0	0	-999	-999	-999	-999	-999	-999	-999	-999	-999	-999	-999	-999	-999	-999	-999	-999	-999	-999	-999	-999	7.34E+05	-999	0	0	0	0.41	1.41	2.41	3.41	4.41	7.41
2009	4	4	6	94	3382	800.59	-19.074	-999	-999	83.208	9.5992	-999	-999	0	-999	0	-999	183.09	205.9	-999	-999	0	0	-999	-999	-999	-999	-999	-999	-999	-999	-999	-999	-999	-999	-999	-999	-999	-999	-999	-999	-999	-999	7.34E+05	-999	0	0	0	0.41	1.41	2.41	3.41	4.41	7.41
2009	4	4	7	94	3382	800.77	-20.989	-999	-999	86.293	9.2875	-999	-999	0	-999	0	-999	181.56	205.9	-999	-999	0	0	-999	-999	-999	-999	-999	-999	-999	-999	-999	-999	-999	-999	-999	-999	-999	-999	-999	-999	-999	-999	7.34E+05	-999	0	0	0	0.41	1.41	2.41	3.41	4.41	7.41
2009	4	4	8	94	3382	800.91	-21.281	-999	-999	85.95	9.3842	-999	-999	19.714	-999	15.771	-999	181.39	205.9	-999	-999	0	0	-999	-999	-999	-999	-999	-999	-999	-999	-999	-999	-999	-999	-999	-999	-999	-999	-999	-999	-999	-999	7.34E+05	-999	0	0	0	0.41	1.41	2.41	3.41	4.41	7.41
2009	4	4	9	94	3382	801.1	-20.729	-999	-999	85.196	7.9975	-999	-999	103.37	-999	82.697	-999	179.53	205.9	-999	-999	0	0	-999	-999	-999	-999	-999	-999	-999	-999	-999	-999	-999	-999	-999	-999	-999	-999	-999	-999	-999	-999	7.34E+05	-999	0	0	0	0.41	1.41	2.41	3.41	4.41	7.41
2009	4	4	10	94	3382	801.07	-20.177	-999	-999	83.962	8.4705	-999	-999	224.11	-999	179.29	-999	179.36	205.9	-999	-999	0	0	-999	-999	-999	-999	-999	-999	-999	-999	-999	-999	-999	-999	-999	-999	-999	-999	-999	-999	-999	-999	7.34E+05	-999	0	0	0	0.41	1.41	2.41	3.41	4.41	7.41
2009	4	4	11	94	3382	801.14	-19.855	-999	-999	83.071	8.4168	-999	-999	344.54	-999	275.63	-999	179.87	205.9	-999	-999	0	-0.0005	-999	-999	-999	-999	-999	-999	-999	-999	-999	-999	-999	-999	-999	-999	-999	-999	-999	-999	-999	-999	7.34E+05	-999	0.0005	0	0	0.4105	1.4105	2.4105	3.4105	4.4105	7.4105
2009	4	4	12	94	3382	801.17	-18.491	-999	-999	81.563	5.6757	-999	-999	448.52	-999	358.82	-999	177.75	205.9	-999	-999	0	-0.001	-999	-999	-999	-999	-999	-999	-999	-999	-999	-999	-999	-999	-999	-999	-999	-999	-999	-999	-999	-999	7.34E+05	-999	0.001	0	0	0.411	1.411	2.411	3.411	4.411	7.411
2009	4	4	13	94	3382	801.12	-15.858	-999	-999	77.723	6.6646	-999	-999	534.43	-999	427.54	-999	180.63	205.9	-999	-999	0	-0.0015	-999	-999	-999	-999	-999	-999	-999	-999	-999	-999	-999	-999	-999	-999	-999	-999	-999	-999	-999	-999	7.34E+05	-999	0.0015	0	0	0.4115	1.4115	2.4115	3.4115	4.4115	7.4115
2009	4	4	14	94	3382	800.98	-14.38	-999	-999	75.872	5.7939	-999	-999	588.77	-999	471.01	-999	181.14	205.9	-999	-999	0	-0.002	-999	-999	-999	-999	-999	-999	-999	-999	-999	-999	-999	-999	-999	-999	-999	-999	-999	-999	-999	-999	7.34E+05	-999	0.002	0	0	0.412	1.412	2.412	3.412	4.412	7.412
2009	4	4	15	94	3382	801.01	-14.775	-999	-999	78.34	3.8053	-999	-999	598.57	-999	478.86	-999	179.87	205.9	-999	-999	0	-0.002	-999	-999	-999	-999	-999	-999	-999	-999	-999	-999	-999	-999	-999	-999	-999	-999	-999	-999	-999	-999	7.34E+05	-999	0.002	0	0	0.412	1.412	2.412	3.412	4.412	7.412
2009	4	4	16	94	3382	800.73	-13.537	-999	-999	76.284	3.558	-999	-999	579.27	-999	463.41	-999	180.38	205.9	-999	-999	0	-0.002	-999	-999	-999	-999	-999	-999	-999	-999	-999	-999	-999	-999	-999	-999	-999	-999	-999	-999	-999	-999	7.34E+05	-999	0.002	0	0	0.412	1.412	2.412	3.412	4.412	7.412
2009	4	4	17	94	3382	800.51	-14.161	-999	-999	77.518	1.6984	-999	-999	507.46	-999	405.97	-999	179.61	205.9	-999	-999	0	-0.0025	-999	-999	-999	-999	-999	-999	-999	-999	-999	-999	-999	-999	-999	-999	-999	-999	-999	-999	-999	-999	7.34E+05	-999	0.0025	0	0	0.4125	1.4125	2.4125	3.4125	4.4125	7.4125
2009	4	4	18	94	3382	800.47	-15.91	-999	-999	82.454	1.7629	-999	-999	417.57	-999	334.06	-999	176.73	205.9	-999	-999	0	-0.003	-999	-999	-999	-999	-999	-999	-999	-999	-999	-999	-999	-999	-999	-999	-999	-999	-999	-999	-999	-999	7.34E+05	-999	0.003	0	0	0.413	1.413	2.413	3.413	4.413	7.413
2009	4	4	19	94	3382	800.49	-17.804	-999	-999	85.333	2.1284	-999	-999	310.93	-999	248.75	-999	173.59	205.9	-999	-999	0	-0.003	-999	-999	-999	-999	-999	-999	-999	-999	-999	-999	-999	-999	-999	-999	-999	-999	-999	-999	-999	-999	7.34E+05	-999	0.003	0	0	0.413	1.413	2.413	3.413	4.413	7.413
2009	4	4	20	94	3382	800.62	-19.99	-999	-999	86.978	1.9671	-999	-999	192.65	-999	154.12	-999	171.22	205.9	-999	-999	0	-0.003	-999	-999	-999	-999	-999	-999	-999	-999	-999	-999	-999	-999	-999	-999	-999	-999	-999	-999	-999	-999	7.34E+05	-999	0.003	0	0	0.413	1.413	2.413	3.413	4.413	7.413
2009	4	4	21	94	3382	799.23	-23.65	-24.56	70.5	88.8	3.28	96.4	21.5	6.6776	37.4	5.5	-999	155.7	209.8	0.25	-26.52	0	-0.0035	-999	-999	-999	-999	-999	-999	-999	-999	-999	-999	2.63	0.69	-999	-999	-999	-999	-999	-22.81	66.1	12.95	7.34E+05	1.62	0.0035	0	0	0.4135	1.4135	2.4135	3.4135	4.4135	7.4135
2009	4	4	22	94	3382	799.25	-24.79	-25.91	74.1	94.4	3.72	97.7	4	6.705	8.1	5.7	-999	154.9	205.2	0.3	-27.86	0	-0.004	-999	-999	-999	-999	-999	-999	-999	-999	-999	-999	2.63	0.69	2.15E+05	6700	4701	1849	1.71	-24.14	125.3	12.83	7.34E+05	2.272	0.004	0	0	0.414	1.414	2.414	3.414	4.414	7.414
2009	4	4	23	94	3382	799.31	-26.28	-27.52	78	100	4.31	99.6	-1.1	0	0.6	0	-999	153	200.8	0.35	-29.19	0	-0.004	-999	-999	-999	-999	-999	-999	-999	-999	-999	-999	2.63	0.69	2.15E+05	6700	4701	1849	1.71	-26.02	125.4	12.8	7.34E+05	2.664	0.004	0	0	0.414	1.414	2.414	3.414	4.414	7.414
2009	4	5	0	95	3383	798.97	-26.52	-27.76	81.2	100	4.73	102.2	-1	0	0.7	0	-999	155.9	199.5	0.4	-29.6	0	-0.004	-999	-999	-999	-999	-999	-999	-999	-999	-999	-999	2.63	0.69	40	6700	4701	1830.6	1.57	-26.97	124.6	12.74	7.34E+05	2.513	0.004	0	0	0.414	1.414	2.414	3.414	4.414	7.414
2009	4	5	1	95	3383	798.92	-27.37	-28.59	82	100	4.79	100.6	-1.2	0	0.4	0	-999	161.1	197.4	0.52	-30.24	0	-0.004	-999	-999	-999	-999	-999	-999	-999	-999	-999	-999	2.63	0.69	40	6700	4701	1830.6	1.57	-27.62	126	12.74	7.34E+05	2.516	0.004	0	0	0.414	1.414	2.414	3.414	4.414	7.414
2009	4	5	2	95	3383	798.83	-28.04	-29.27	82.1	100	5.19	104.6	-1.1	0	0.5	0	-999	165	196.1	0.61	-30.65	0	-0.004	-999	-999	-999	-999	-999	-999	-999	-999	-999	-999	2.63	0.69	40	6700	4701	1830.6	1.57	-28.29	125.9	12.73	7.34E+05	2.516	0.004	0	0	0.414	1.414	2.414	3.414	4.414	7.414
2009	4	5	3	95	3383	798.45	-28.47	-29.72	81.5	100	5.17	103.7	-1.1	0	0.6	0	-999	168.8	195	0.69	-30.99	0	-0.0045	-999	-999	-999	-999	-999	-999	-999	-999	-999	-999	2.63	0.69	40	6700	4701	1830.6	1.57	-28.81	127.9	12.72	7.34E+05	2.516	0.0045	0	0	0.4145	1.4145	2.4145	3.4145	4.4145	7.4145
2009	4	5	4	95	3383	798.36	-28.56	-29.76	80.7	100	4.93	107.7	-1.3	0	0.5	0	-999	173.4	194.7	0.75	-31.08	0	-0.005	-999	-999	-999	-999	-999	-999	-999	-999	-999	-999	2.63	0.69	40	6700	4701	1830.6	1.57	-29.06	126.2	12.71	7.34E+05	2.515	0.005	0	0	0.415	1.415	2.415	3.415	4.415	7.415
2009	4	5	5	95	3383	798.25	-29.23	-30.45	74.7	99.3	5.21	105.8	-1	0	0.4	0	-999	175.1	193.7	0.82	-31.4	0	-0.005	-999	-999	-999	-999	-999	-999	-999	-999	-999	-999	2.63	0.69	40	6700	4701	1830.6	1.57	-29.48	126	12.7	7.34E+05	2.515	0.005	0	0	0.415	1.415	2.415	3.415	4.415	7.415
2009	4	5	6	95	3383	798.22	-29.85	-31.02	73.9	98.8	5.22	106	-1.2	0	0.3	0	-999	174.6	192.5	0.84	-31.75	0	-0.005	-999	-999	-999	-999	-999	-999	-999	-999	-999	-999	2.63	0.69	40	6700	4701	1830.6	1.57	-29.93	126	12.69	7.34E+05	2.515	0.005	0	0	0.415	1.415	2.415	3.415	4.415	7.415
2009	4	5	7	95	3383	798.29	-30.44	-31.64	73.4	98.7	5.49	106.6	-0.4	0.76097	1.1	0.7	-999	172.4	190.7	0.84	-32.32	0	-0.006	-999	-999	-999	-999	-999	-999	-999	-999	-999	-999	2.63	0.69	40	6700	4701	1830.6	1.57	-30.58	128.2	12.68	7.34E+05	2.516	0.006	0	0	0.416	1.416	2.416	3.416	4.416	7.416
2009	4	5	8	95	3383	798.51	-30.37	-31.61	73.4	98.6	5.89	109.3	27	29.606	27.3	27.3	-999	172.9	191	0.85	-32.25	0	-0.007	-999	-999	-999	-999	-999	-999	-999	-999	-999	-999	2.63	0.69	40	6700	4701	1830.6	1.57	-30.85	129.9	12.69	7.34E+05	2.516	0.007	0	0	0.417	1.417	2.417	3.417	4.417	7.417
2009	4	5	9	95	3383	798.75	-29.88	-31.14	72.8	97.4	5.84	112.3	114	132.34	121.8	121.8	-999	174.1	192.5	0.84	-31.77	0	-0.007	-999	-999	-999	-999	-999	-999	-999	-999	-999	-999	2.63	0.69	40	6700	4701	1830.6	1.57	-29.83	128.2	12.78	7.34E+05	2.519	0.007	0	0	0.417	1.417	2.417	3.417	4.417	7.417
2009	4	5	10	95	3383	798.83	-28.67	-29.96	71.7	94.8	5.83	114	176	234.13	211.2	211.2	-999	172.2	196.1	0.74	-30.64	0	-0.007	-999	-999	-999	-999	-999	-999	-999	-999	-999	-999	2.63	0.69	40	6700	4701	1830.6	1.57	-28.11	139.3	13.85	7.34E+05	2.519	0.007	0	0	0.417	1.417	2.417	3.417	4.417	7.417
2009	4	5	11	95	3383	798.89	-27.05	-28.31	70	91.2	5.99	113.6	230.2	333.7	291.9	291.9	-999	165.6	202.5	0.56	-28.7	0	-0.0075	-999	-999	-999	-999	-999	-999	-999	-999	-999	-999	2.63	0.69	40	6700	4701	1830.6	1.57	-26.17	160.3	15.74	7.34E+05	2.565	0.0075	0	0	0.4175	1.4175	2.4175	3.4175	4.4175	7.4175
2009	4	5	12	95	3383	799.06	-25.07	-26.23	66.7	85.2	6.07	121.5	329.8	430.39	363.3	363.3	-999	147.6	210.3	0.21	-26.36	0	-0.008	-999	-999	-28.28	-28.7	-22.85	-17.72	-14.8	-12.56	-11.21	-9.21	2.63	0.69	40	6700	4701	1830.6	1.57	-24.19	172.9	16.82	7.34E+05	2.638	0.008	0	0	0.418	1.418	2.418	3.418	4.418	7.418
2009	4	5	13	95	3383	799.13	-23.15	-24.17	61.7	77.3	5.52	120.9	510.5	497.1	430.1	428.8	0.865	142.4	217.7	0.05	-24.24	-0.001	-0.008	-999	-999	-28.41	-28.84	-22.85	-17.72	-14.8	-12.555	-11.21	-9.21	2.63	0.69	40	6700	4701	1830.6	1.57	-22.22	170.4	16.67	7.34E+05	2.588	0.008	0	0	0.418	1.418	2.418	3.418	4.418	7.418
2009	4	5	14	95	3383	799.03	-21.09	-21.97	55.9	68.7	4.91	131.9	642.8	547.9	470.4	436	0.729	148.1	224.6	0.03	-22.26	0.001	-0.008	-999	-999	-28.54	-28.98	-22.85	-17.72	-14.8	-12.55	-11.21	-9.21	2.63	0.69	40	6700	4701	1830.6	1.57	-19.87	166.9	16.43	7.34E+05	2.59	0.008	0	0	0.418	1.418	2.418	3.418	4.418	7.418
2009	4	5	15	95	3383	798.93	-19.71	-20.47	52.8	64	4.12	129.7	637.6	535.6	485.7	425	0.744	150.7	229.7	0	-20.87	0.001	-0.0085	-999	-999	-28.73	-29.115	-22.855	-17.715	-14.8	-12.55	-11.21	-9.21	2.63	0.69	40	6700	4701	1830.6	1.57	-17.63	166.7	16.39	7.34E+05	2.59	0.0085	0	0	0.4185	1.4185	2.4185	3.4185	4.4185	7.4185
2009	4	5	16	95	3383	799.06	-19.01	-19.63	51.8	62.4	3.7	136.2	580.1	523.4	462.5	413.9	0.763	150.5	231.2	0	-20.44	0	-0.009	-999	-999	-28.92	-29.25	-22.86	-17.71	-14.8	-12.55	-11.21	-9.21	2.63	0.69	40	6700	4701	1830.6	1.57	-16.15	165.5	16.32	7.34E+05	3.074	0.009	0	0	0.419	1.419	2.419	3.419	4.419	7.419
2009	4	5	17	95	3383	799.11	-18.65	-19.13	49.7	59.6	3.03	146.3	494.7	508.8	414.3	401.4	0.782	149.9	230	0	-20.78	0	-0.0095	-999	-999	-28.925	-29.33	-22.87	-17.71	-14.8	-12.55	-11.21	-9.21	2.63	0.69	40	6700	4701	1830.6	1.57	-15.26	164.8	16.13	7.34E+05	3.073	0.0095	0	0	0.4195	1.4195	2.4195	3.4195	4.4195	7.4195
2009	4	5	18	95	3383	799.25	-19.14	-19.71	50.8	61.2	2.85	137.6	388.5	435.5	346.2	346.2	0.795	149	225.6	0	-22	0	-0.01	-999	-999	-28.93	-29.41	-22.88	-17.71	-14.8	-12.55	-11.21	-9.21	2.63	0.69	40	6700	4701	1830.6	1.57	-15.08	159.4	15.74	7.34E+05	2.589	0.01	0	0	0.42	1.42	2.42	3.42	4.42	7.42
2009	4	5	19	95	3383	799.53	-20.12	-20.87	52.1	63.4	3.21	140.5	267.9	331.3	263	263	-999	146.8	219.6	0	-23.67	0	-0.01	-999	-999	-29.1	-29.525	-22.89	-17.705	-14.8	-12.55	-11.21	-9.21	2.63	0.69	40	6700	4701	1830.6	1.57	-16.18	150.1	15.04	7.34E+05	3.074	0.01	0	0	0.42	1.42	2.42	3.42	4.42	7.42
2009	4	5	20	95	3383	799.9	-21.41	-22.26	53.2	65.5	3.14	138	147	211.2	167.4	167.4	-999	145.4	211.9	0.01	-25.9	0	-0.01	-999	-999	-28.93	-29.41	-22.9	-17.7	-14.8	-12.55	-11.21	-9.21	2.63	0.69	40	6700	4701	1830.6	1.57	-17.97	140.9	14.36	7.34E+05	2.589	0.01	0	0	0.42	1.42	2.42	3.42	4.42	7.42
2009	4	5	21	95	3383	800.27	-23.4	-24.39	56.8	71.3	3.42	133.8	48.8	92.2	72.3	73	-999	144.9	204.4	0.09	-28.13	0.001	-0.011	-999	-999	-28.925	-29.33	-22.92	-17.7	-14.8	-12.55	-11.21	-9.21	2.63	0.69	40	6700	4701	1830.6	1.57	-20.4	135.9	13.95	7.34E+05	2.59	0.011	0	0	0.421	1.421	2.421	3.421	4.421	7.421
2009	4	5	22	95	3383	800.5	-25.41	-26.54	59.5	76.3	4.05	124.1	5.2	14	9.9	11.1	-999	145.4	198.9	0.2	-29.79	0	-0.012	-999	-999	-28.92	-29.25	-22.94	-17.7	-14.8	-12.55	-11.21	-9.21	2.63	0.69	40	6700	4701	1830.6	1.57	-23.55	134.1	13.71	7.34E+05	2.589	0.012	0	0	0.422	1.422	2.422	3.422	4.422	7.422
2009	4	5	23	95	3383	800.69	-26.54	-27.77	60.5	78.4	4.57	128.1	-1.2	0	0.5	0	-999	145	196.2	0.25	-30.6	-0.001	-0.0125	-999	-999	-28.73	-29.115	-22.96	-17.695	-14.8	-12.55	-11.21	-9.21	2.63	0.69	40	6700	4701	1830.6	1.57	-26.37	130.4	13.54	7.34E+05	2.588	0.0125	0	0	0.4225	1.4225	2.4225	3.4225	4.4225	7.4225
2009	4	6	0	96	3384	800.82	-27.29	-28.52	60	78.2	5.4	126.1	-1.1	0	0.6	0	-999	144.6	195.2	0.28	-30.92	-0.001	-0.013	-999	-999	-28.28	-28.7	-22.98	-17.69	-14.8	-12.55	-11.21	-9.21	2.62	0.68	25	6700	4701	1839	2	-27.55	132.2	13.36	7.34E+05	2.588	0.013	0	0	0.423	1.423	2.423	3.423	4.423	7.423
2009	4	6	1	96	3384	800.49	-27.51	-28.73	60	78.5	5.4	128.9	-1.1	0	0.5	0	-999	144.2	194.2	0.29	-31.23	-0.002	-0.0145	-999	-999	-28.54	-28.98	-23.005	-17.69	-14.8	-12.55	-11.21	-9.21	2.63	0.68	25	6700	4701	1839	2	-28.16	130.8	13.29	7.34E+05	2.587	0.0145	0	0	0.4245	1.4245	2.4245	3.4245	4.4245	7.4245
2009	4	6	2	96	3384	800.42	-27.88	-29.18	60	78.7	6.02	127.7	-0.8	0	0.7	0	-999	143.8	193.5	0.3	-31.47	-0.002	-0.016	-999	-999	-28.28	-28.7	-23.03	-17.69	-14.8	-12.55	-11.21	-9.21	2.63	0.68	25	6700	4701	1839	2	-28.65	132.1	13.22	7.34E+05	2.587	0.016	0	0	0.426	1.426	2.426	3.426	4.426	7.426
2009	4	6	3	96	3384	800.26	-28.31	-29.47	59.4	78.2	6	130.2	-1.2	0	0.2	0	-999	143.8	192.8	0.32	-31.67	-0.002	-0.016	-999	-999	-28.045	-28.51	-23.055	-17.685	-14.8	-12.55	-11.21	-9.21	2.64	0.68	25	6700	4701	1839	2	-28.75	129.8	13.18	7.34E+05	2.587	0.016	0	0	0.426	1.426	2.426	3.426	4.426	7.426
2009	4	6	4	96	3384	800.21	-28.32	-29.56	59.9	78.9	5.93	128.5	-0.9	0	0.6	0	-999	143.4	192.4	0.32	-31.79	-0.002	-0.016	-999	-999	-27.81	-28.32	-23.08	-17.68	-14.8	-12.55	-11.21	-9.21	2.64	0.68	25	6700	4701	1839	2	-29	129.1	13.13	7.34E+05	2.587	0.016	0	0	0.426	1.426	2.426	3.426	4.426	7.426
2009	4	6	5	96	3384	800.03	-28.54	-29.79	60.8	80.2	6.03	130.4	-1.1	0	0.5	0	-999	142.6	191.7	0.32	-32	-0.002	-0.016	-999	-999	-26.69	-27.38	-23.1	-17.68	-14.8	-12.55	-11.21	-9.21	2.65	0.67	25	6700	4701	1839	2	-29.17	129.2	13.1	7.34E+05	2.587	0.016	0	0	0.426	1.426	2.426	3.426	4.426	7.426
2009	4	6	6	96	3384	799.92	-28.63	-29.87	61.5	81.3	6.43	128.5	-1.1	0	0.4	0	-999	142.5	191.6	0.32	-32.05	-0.002	-0.016	-999	-999	-25.57	-26.44	-23.12	-17.69	-14.8	-12.55	-11.21	-9.21	2.65	0.67	25	6700	4701	1839	2	-29.3	130.7	13.06	7.34E+05	2.587	0.016	0	0	0.426	1.426	2.426	3.426	4.426	7.426
2009	4	6	7	96	3384	799.77	-28.55	-29.8	60.3	79.6	6.32	130.8	1.1	1.8	1.8	1.4	-999	148.1	192.2	0.4	-31.87	0	-0.016	-999	-999	-24.375	-25.33	-23.135	-17.675	-14.8	-12.55	-11.21	-9.205	2.66	0.67	25	6700	4701	1839	2	-29.34	130.6	13.04	7.34E+05	2.586	0.016	0	0	0.426	1.426	2.426	3.426	4.426	7.426
2009	4	6	8	96	3384	799.6	-27.86	-29.15	58.3	76.5	6.6	130.8	51.9	43	32.5	33.5	-999	149.2	193.7	0.38	-31.39	0	-0.016	-999	-999	-23.18	-24.22	-23.15	-17.68	-14.8	-12.55	-11.21	-9.2	2.66	0.67	25	6700	4701	1839	2	-28.81	127.1	13.04	7.34E+05	2.586	0.016	0	0	0.426	1.426	2.426	3.426	4.426	7.426
2009	4	6	9	96	3384	799.29	-27.48	-28.72	55.6	72.7	6.75	131.6	165.1	143.2	111.3	111.3	-999	149.4	195.4	0.36	-30.85	-0.001	-0.017	-999	-999	-22.16	-23.775	-23.15	-17.665	-14.8	-12.55	-11.21	-9.2	2.66	0.66	25	6700	4701	1839	2	-27.44	132.5	13.17	7.34E+05	2.588	0.017	0	0	0.427	1.427	2.427	3.427	4.427	7.427
2009	4	6	10	96	3384	799.1	-26.02	-27.26	53.5	69	6.82	131	270.7	248.6	192.8	192.8	-999	153	200.9	0.33	-29.18	-0.001	-0.018	-999	-999	-23.18	-24.22	-23.15	-17.67	-14.8	-12.55	-11.21	-9.2	2.67	0.66	25	6700	4701	1839	2	-25.77	142.4	14.17	7.34E+05	2.588	0.018	0	0	0.428	1.428	2.428	3.428	4.428	7.428
2009	4	6	11	96	3384	798.76	-25.11	-26.29	52.7	67.3	6.87	131.6	405.3	379.1	293.6	293.6	0.774	148.1	205.1	0.22	-27.91	-0.001	-0.018	-999	-999	-21.14	-23.33	-23.16	-17.66	-14.8	-12.55	-11.21	-9.205	2.67	0.66	25	6700	4701	1839	2	-24.11	164.3	16.18	7.34E+05	2.588	0.018	0	0	0.428	1.428	2.428	3.428	4.428	7.428
2009	4	6	12	96	3384	798.15	-23.18	-24.39	51.9	65.1	6.72	138.2	498.6	480.9	382	380.1	0.79	163.1	213.9	0.33	-25.32	-0.001	-0.018	-999	-999	-23.09	-23.56	-23.12	-17.66	-14.8	-12.55	-11.21	-9.21	2.68	0.65	25	6700	4701	1839	2	-22.3	170.5	16.74	7.34E+05	2.588	0.018	0	0	0.428	1.428	2.428	3.428	4.428	7.428
																						
